Summary Statistics for Seed 71
================================================================================

                              accuracy                      graph_f1        dummy_fraction total_messages
                                  mean    std    min    max     mean    std           mean           mean
N   placement   cover_enabled                                                                            
50  cluster     False            0.090  0.000  0.090  0.091    0.196  0.017          0.000        2772.50
                True             0.078  0.017  0.066  0.102    0.236  0.014          0.227        3711.00
    high-degree False            0.089  0.010  0.082  0.096    0.218  0.010          0.000        2792.00
                True             0.084  0.013  0.071  0.098    0.255  0.006          0.151        3256.75
    random      False            0.089  0.005  0.085  0.093    0.203  0.008          0.000        2774.00
                True             0.080  0.007  0.073  0.088    0.234  0.017          0.150        3260.50
75  cluster     False            0.054  0.002  0.053  0.055    0.075  0.001          0.000        4521.00
                True             0.047  0.007  0.039  0.055    0.126  0.018          0.213        5717.00
    high-degree False            0.061  0.014  0.051  0.070    0.087  0.004          0.000        4477.50
                True             0.045  0.002  0.042  0.046    0.140  0.012          0.199        5624.50
    random      False            0.063  0.012  0.054  0.071    0.092  0.004          0.000        4532.00
                True             0.049  0.008  0.039  0.058    0.129  0.005          0.204        5662.75
100 cluster     False            0.040  0.000  0.040  0.040    0.036  0.006          0.000        6236.50
                True             0.040  0.003  0.037  0.043    0.072  0.008          0.249        8282.00
    high-degree False            0.050  0.002  0.049  0.051    0.031  0.002          0.000        6172.00
                True             0.031  0.002  0.028  0.032    0.082  0.004          0.251        8298.75
    random      False            0.042  0.002  0.041  0.043    0.035  0.004          0.000        6188.50
                True             0.035  0.007  0.029  0.044    0.078  0.007          0.248        8284.50
150 cluster     False            0.033  0.010  0.026  0.040    0.013  0.001          0.000       10277.50
                True             0.023  0.002  0.020  0.026    0.034  0.005          0.319       15237.50
    high-degree False            0.036  0.001  0.035  0.036    0.008  0.001          0.000       10229.50
                True             0.023  0.003  0.021  0.027    0.032  0.002          0.311       14979.00
    random      False            0.031  0.001  0.030  0.032    0.011  0.002          0.000       10274.50
                True             0.023  0.002  0.021  0.025    0.034  0.003          0.313       14968.00
200 cluster     False            0.031  0.005  0.027  0.035    0.004  0.001          0.000       14328.00
                True             0.018  0.001  0.017  0.019    0.015  0.002          0.367       22685.25
    high-degree False            0.029  0.000  0.028  0.029    0.004  0.001          0.000       14376.50
                True             0.015  0.001  0.014  0.017    0.017  0.002          0.368       22817.75
    random      False            0.028  0.004  0.025  0.031    0.004  0.001          0.000       14349.00
                True             0.016  0.003  0.013  0.019    0.017  0.002          0.374       23024.25
300 cluster     False            0.023  0.003  0.021  0.025    0.002  0.000          0.000       21961.00
                True             0.012  0.000  0.011  0.012    0.008  0.003          0.470       41448.75
    high-degree False            0.018  0.002  0.016  0.019    0.001  0.000          0.000       22005.00
                True             0.012  0.001  0.010  0.013    0.006  0.001          0.465       41032.25
    random      False            0.020  0.001  0.019  0.021    0.002  0.000          0.000       21974.00
                True             0.011  0.001  0.011  0.012    0.008  0.001          0.469       41461.50
400 cluster     False            0.015  0.002  0.014  0.017    0.001  0.000          0.000       29511.00
                True             0.008  0.000  0.008  0.008    0.007  0.005          0.590       75633.25
    high-degree False            0.018  0.000  0.017  0.018    0.001  0.000          0.000       29516.00
                True             0.010  0.001  0.009  0.011    0.003  0.000          0.538       63812.25
    random      False            0.016  0.000  0.016  0.016    0.001  0.000          0.000       29492.00
                True             0.009  0.000  0.008  0.009    0.004  0.001          0.541       64319.25

Key Insights:
----------------------------------------
Best Privacy (Lowest Accuracy): 0.008
  Configuration: N=400, Placement=cluster, Cover=Yes

Worst Privacy (Highest Accuracy): 0.102
  Configuration: N=50, Placement=cluster, Cover=Yes

Average Privacy Improvement from Cover Traffic: 0.010
Average Cover Traffic Overhead: 33.4%
