Summary Statistics for Seed 76
================================================================================

                              accuracy                      graph_f1        dummy_fraction total_messages
                                  mean    std    min    max     mean    std           mean           mean
N   placement   cover_enabled                                                                            
50  cluster     False            0.094  0.004  0.092  0.097    0.178  0.036          0.000        2815.00
                True             0.089  0.005  0.084  0.095    0.220  0.018          0.143        3274.25
    high-degree False            0.081  0.002  0.080  0.082    0.253  0.006          0.000        2806.50
                True             0.078  0.008  0.068  0.088    0.267  0.005          0.142        3286.50
    random      False            0.093  0.004  0.090  0.096    0.190  0.003          0.000        2802.50
                True             0.076  0.010  0.065  0.088    0.235  0.018          0.149        3304.25
75  cluster     False            0.076  0.010  0.069  0.082    0.090  0.014          0.000        4597.00
                True             0.051  0.005  0.044  0.056    0.130  0.007          0.203        5791.25
    high-degree False            0.051  0.008  0.046  0.057    0.113  0.001          0.000        4602.00
                True             0.046  0.003  0.043  0.051    0.146  0.007          0.193        5709.75
    random      False            0.061  0.007  0.056  0.065    0.085  0.007          0.000        4606.00
                True             0.047  0.003  0.045  0.050    0.130  0.003          0.194        5752.00
100 cluster     False            0.040  0.002  0.039  0.042    0.034  0.001          0.000        6467.50
                True             0.037  0.005  0.031  0.042    0.079  0.006          0.243        8483.25
    high-degree False            0.052  0.003  0.050  0.054    0.049  0.001          0.000        6438.00
                True             0.028  0.003  0.026  0.033    0.089  0.005          0.248        8560.00
    random      False            0.055  0.001  0.055  0.056    0.041  0.000          0.000        6391.50
                True             0.040  0.004  0.035  0.043    0.075  0.005          0.242        8490.25
150 cluster     False            0.032  0.001  0.032  0.033    0.010  0.002          0.000       10268.00
                True             0.023  0.003  0.020  0.026    0.033  0.002          0.314       14992.75
    high-degree False            0.030  0.001  0.029  0.030    0.011  0.002          0.000       10317.00
                True             0.024  0.001  0.023  0.025    0.032  0.003          0.311       14908.50
    random      False            0.035  0.004  0.032  0.038    0.014  0.001          0.000       10245.00
                True             0.023  0.003  0.019  0.026    0.033  0.007          0.318       15066.50
200 cluster     False            0.026  0.004  0.024  0.029    0.005  0.001          0.000       14080.00
                True             0.019  0.002  0.016  0.021    0.016  0.003          0.373       22582.00
    high-degree False            0.024  0.004  0.021  0.027    0.005  0.003          0.000       14156.00
                True             0.017  0.000  0.017  0.017    0.017  0.002          0.375       22668.75
    random      False            0.024  0.005  0.021  0.028    0.005  0.000          0.000       14038.00
                True             0.019  0.003  0.016  0.023    0.016  0.004          0.371       22510.00
300 cluster     False            0.022  0.005  0.018  0.026    0.002  0.000          0.000       21835.00
                True             0.012  0.001  0.011  0.013    0.006  0.001          0.471       41112.25
    high-degree False            0.018  0.001  0.017  0.019    0.002  0.000          0.000       21792.50
                True             0.011  0.001  0.009  0.013    0.006  0.001          0.474       41395.75
    random      False            0.020  0.001  0.020  0.021    0.001  0.000          0.000       21789.50
                True             0.012  0.001  0.011  0.014    0.006  0.001          0.472       41258.25
400 cluster     False            0.015  0.001  0.014  0.015    0.001  0.000          0.000       29374.50
                True             0.009  0.000  0.009  0.010    0.003  0.001          0.540       64074.25
    high-degree False            0.017  0.001  0.016  0.017    0.001  0.000          0.000       29403.00
                True             0.010  0.001  0.009  0.011    0.003  0.000          0.542       64107.00
    random      False            0.016  0.002  0.015  0.018    0.001  0.000          0.000       29379.50
                True             0.009  0.001  0.008  0.010    0.005  0.001          0.540       63768.50

Key Insights:
----------------------------------------
Best Privacy (Lowest Accuracy): 0.008
  Configuration: N=400, Placement=random, Cover=Yes

Worst Privacy (Highest Accuracy): 0.097
  Configuration: N=50, Placement=cluster, Cover=No

Average Privacy Improvement from Cover Traffic: 0.010
Average Cover Traffic Overhead: 32.7%
