Summary Statistics for Seed 99
================================================================================

                              accuracy                      graph_f1        dummy_fraction total_messages
                                  mean    std    min    max     mean    std           mean           mean
N   placement   cover_enabled                                                                            
50  cluster     False            0.082  0.010  0.076  0.089    0.201  0.009          0.000        2822.00
                True             0.070  0.015  0.050  0.086    0.230  0.023          0.149        3313.00
    high-degree False            0.077  0.004  0.074  0.079    0.230  0.010          0.000        2811.00
                True             0.076  0.005  0.069  0.081    0.271  0.003          0.146        3307.00
    random      False            0.079  0.009  0.073  0.086    0.211  0.011          0.000        2813.00
                True             0.067  0.006  0.060  0.074    0.231  0.004          0.142        3281.50
75  cluster     False            0.067  0.006  0.062  0.071    0.070  0.005          0.000        4536.00
                True             0.053  0.002  0.050  0.055    0.123  0.019          0.195        5605.00
    high-degree False            0.060  0.007  0.055  0.064    0.090  0.005          0.000        4511.00
                True             0.041  0.005  0.036  0.047    0.143  0.003          0.200        5609.50
    random      False            0.048  0.004  0.045  0.051    0.090  0.001          0.000        4530.00
                True             0.043  0.007  0.035  0.052    0.138  0.033          0.281        6564.25
100 cluster     False            0.046  0.004  0.043  0.049    0.038  0.003          0.000        6358.50
                True             0.035  0.004  0.031  0.039    0.078  0.007          0.245        8445.25
    high-degree False            0.046  0.007  0.041  0.051    0.051  0.002          0.000        6360.50
                True             0.033  0.002  0.031  0.035    0.085  0.003          0.238        8280.75
    random      False            0.048  0.007  0.043  0.054    0.038  0.003          0.000        6371.00
                True             0.036  0.003  0.032  0.039    0.077  0.003          0.242        8447.00
150 cluster     False            0.031  0.004  0.028  0.034    0.012  0.000          0.000       10255.00
                True             0.024  0.003  0.022  0.027    0.033  0.002          0.320       14963.00
    high-degree False            0.034  0.001  0.033  0.035    0.013  0.002          0.000       10199.00
                True             0.024  0.003  0.021  0.026    0.036  0.003          0.316       14876.75
    random      False            0.031  0.003  0.029  0.033    0.014  0.001          0.000       10260.00
                True             0.023  0.001  0.022  0.025    0.033  0.005          0.315       14853.00
200 cluster     False            0.026  0.000  0.026  0.026    0.005  0.001          0.000       13962.00
                True             0.018  0.003  0.015  0.022    0.018  0.002          0.381       22584.75
    high-degree False            0.026  0.004  0.023  0.028    0.005  0.000          0.000       13893.50
                True             0.017  0.002  0.015  0.019    0.019  0.001          0.384       22629.75
    random      False            0.027  0.005  0.024  0.031    0.005  0.000          0.000       13932.50
                True             0.018  0.002  0.015  0.020    0.018  0.001          0.379       22511.25
300 cluster     False            0.018  0.001  0.017  0.019    0.002  0.000          0.000       21916.50
                True             0.012  0.002  0.010  0.014    0.008  0.001          0.473       42027.25
    high-degree False            0.018  0.004  0.016  0.021    0.001  0.000          0.000       21978.00
                True             0.011  0.001  0.010  0.013    0.005  0.001          0.468       41743.25
    random      False            0.021  0.001  0.020  0.022    0.002  0.000          0.000       22084.00
                True             0.012  0.001  0.011  0.013    0.015  0.018          0.547       57353.25
400 cluster     False            0.015  0.003  0.013  0.018    0.001  0.000          0.000       29727.50
                True             0.009  0.001  0.008  0.010    0.004  0.001          0.538       64574.25
    high-degree False            0.017  0.002  0.015  0.018    0.001  0.000          0.000       29624.00
                True             0.011  0.000  0.010  0.011    0.003  0.000          0.539       64617.25
    random      False            0.015  0.000  0.015  0.015    0.001  0.000          0.000       29828.00
                True             0.010  0.001  0.009  0.011    0.003  0.001          0.538       64327.75

Key Insights:
----------------------------------------
Best Privacy (Lowest Accuracy): 0.008
  Configuration: N=400, Placement=cluster, Cover=Yes

Worst Privacy (Highest Accuracy): 0.089
  Configuration: N=50, Placement=cluster, Cover=No

Average Privacy Improvement from Cover Traffic: 0.009
Average Cover Traffic Overhead: 33.5%
