Summary Statistics for Seed 3
================================================================================

                              accuracy                      graph_f1        dummy_fraction total_messages
                                  mean    std    min    max     mean    std           mean           mean
N   placement   cover_enabled                                                                            
50  cluster     False            0.091  0.012  0.068  0.102    0.259  0.079          0.000       2621.167
                True             0.084  0.013  0.053  0.104    0.297  0.084          0.153       3094.833
    high-degree False            0.087  0.016  0.073  0.118    0.284  0.076          0.000       2612.667
                True             0.079  0.008  0.068  0.093    0.345  0.086          0.156       3114.833
    random      False            0.095  0.018  0.077  0.125    0.261  0.073          0.000       2626.167
                True             0.080  0.010  0.063  0.097    0.310  0.091          0.160       3127.250
75  cluster     False            0.069  0.019  0.050  0.100    0.121  0.041          0.000       4359.500
                True             0.050  0.006  0.036  0.059    0.188  0.060          0.236       5852.500
    high-degree False            0.063  0.006  0.058  0.074    0.139  0.047          0.000       4339.833
                True             0.048  0.007  0.039  0.056    0.216  0.075          0.229       5807.333
    random      False            0.060  0.006  0.054  0.067    0.128  0.045          0.000       4369.667
                True             0.049  0.005  0.040  0.059    0.186  0.056          0.231       5809.917
100 cluster     False            0.058  0.004  0.052  0.062    0.054  0.019          0.000       6326.833
                True             0.038  0.003  0.035  0.046    0.107  0.034          0.238       8294.833
    high-degree False            0.046  0.008  0.039  0.060    0.058  0.022          0.000       6319.833
                True             0.035  0.004  0.028  0.043    0.113  0.034          0.235       8263.833
    random      False            0.057  0.009  0.044  0.067    0.060  0.025          0.000       6336.167
                True             0.038  0.005  0.030  0.047    0.119  0.053          0.269       8918.083
150 cluster     False            0.031  0.003  0.025  0.035    0.017  0.008          0.000      10185.333
                True             0.024  0.002  0.021  0.027    0.046  0.014          0.318      14994.333
    high-degree False            0.035  0.007  0.028  0.046    0.020  0.007          0.000      10163.000
                True             0.023  0.002  0.020  0.026    0.051  0.017          0.311      14888.417
    random      False            0.038  0.004  0.031  0.043    0.018  0.006          0.000      10175.333
                True             0.024  0.002  0.021  0.028    0.047  0.016          0.312      14865.333
200 cluster     False            0.027  0.003  0.022  0.030    0.008  0.003          0.000      14125.500
                True             0.018  0.002  0.015  0.021    0.027  0.009          0.371      22439.583
    high-degree False            0.029  0.006  0.022  0.037    0.008  0.003          0.000      14088.333
                True             0.019  0.002  0.015  0.022    0.024  0.009          0.372      22440.333
    random      False            0.027  0.004  0.021  0.032    0.007  0.003          0.000      14054.500
                True             0.018  0.002  0.015  0.022    0.028  0.011          0.397      23662.583
300 cluster     False            0.020  0.003  0.016  0.022    0.002  0.001          0.000      21838.500
                True             0.012  0.001  0.011  0.015    0.010  0.004          0.468      41269.500
    high-degree False            0.020  0.003  0.017  0.023    0.002  0.001          0.000      21902.833
                True             0.012  0.001  0.010  0.014    0.009  0.004          0.472      41617.333
    random      False            0.019  0.003  0.015  0.024    0.002  0.001          0.000      21892.833
                True             0.012  0.001  0.009  0.015    0.010  0.004          0.468      41183.833
400 cluster     False            0.016  0.002  0.014  0.019    0.001  0.001          0.000      29496.333
                True             0.009  0.001  0.008  0.010    0.005  0.002          0.540      64210.833
    high-degree False            0.018  0.002  0.016  0.021    0.001  0.001          0.000      29549.000
                True             0.010  0.001  0.009  0.010    0.004  0.001          0.539      63974.000
    random      False            0.017  0.002  0.015  0.020    0.001  0.000          0.000      29528.833
                True             0.009  0.001  0.008  0.010    0.007  0.006          0.554      67588.667

Key Insights:
----------------------------------------
Best Privacy (Lowest Accuracy): 0.008
  Configuration: N=400, Placement=random, Cover=Yes

Worst Privacy (Highest Accuracy): 0.125
  Configuration: N=50, Placement=random, Cover=No

Average Privacy Improvement from Cover Traffic: 0.011
Average Cover Traffic Overhead: 33.5%
