Summary Statistics for Seed 1
================================================================================

                              accuracy                      graph_f1        dummy_fraction total_messages
                                  mean    std    min    max     mean    std           mean           mean
N   placement   cover_enabled                                                                            
50  cluster     False            0.099  0.007  0.094  0.104    0.206  0.007          0.000        2703.00
                True             0.074  0.015  0.061  0.095    0.238  0.005          0.146        3176.00
    high-degree False            0.099  0.001  0.098  0.100    0.244  0.002          0.000        2716.00
                True             0.083  0.008  0.077  0.093    0.284  0.012          0.145        3182.00
    random      False            0.074  0.001  0.073  0.075    0.196  0.000          0.000        2708.00
                True             0.077  0.011  0.068  0.092    0.230  0.010          0.154        3199.75
75  cluster     False            0.070  0.015  0.059  0.080    0.080  0.008          0.000        4402.00
                True             0.050  0.007  0.040  0.057    0.124  0.008          0.201        5529.75
    high-degree False            0.064  0.006  0.060  0.068    0.109  0.008          0.000        4414.50
                True             0.042  0.006  0.035  0.047    0.171  0.024          0.285        6472.50
    random      False            0.062  0.006  0.058  0.066    0.091  0.011          0.000        4429.50
                True             0.056  0.008  0.047  0.064    0.132  0.009          0.202        5522.00
100 cluster     False            0.053  0.005  0.050  0.057    0.040  0.004          0.000        6187.50
                True             0.038  0.002  0.035  0.041    0.077  0.004          0.248        8218.25
    high-degree False            0.044  0.009  0.038  0.050    0.043  0.005          0.000        6209.00
                True             0.028  0.003  0.024  0.031    0.109  0.031          0.329        9968.00
    random      False            0.048  0.002  0.046  0.049    0.038  0.001          0.000        6188.50
                True             0.035  0.003  0.030  0.037    0.071  0.006          0.247        8208.25
150 cluster     False            0.032  0.007  0.027  0.037    0.012  0.001          0.000       10188.50
                True             0.025  0.003  0.021  0.028    0.031  0.005          0.317       14822.50
    high-degree False            0.033  0.001  0.032  0.034    0.011  0.001          0.000       10241.00
                True             0.023  0.001  0.022  0.024    0.036  0.003          0.313       14798.00
    random      False            0.030  0.003  0.028  0.032    0.014  0.004          0.000       10203.00
                True             0.024  0.006  0.017  0.031    0.034  0.006          0.313       14821.75
200 cluster     False            0.028  0.003  0.026  0.030    0.005  0.002          0.000       13957.00
                True             0.017  0.001  0.016  0.019    0.014  0.002          0.376       22425.75
    high-degree False            0.027  0.004  0.025  0.030    0.005  0.002          0.000       13966.50
                True             0.016  0.001  0.014  0.018    0.028  0.028          0.463       29383.00
    random      False            0.027  0.002  0.025  0.028    0.003  0.001          0.000       13990.00
                True             0.018  0.002  0.016  0.020    0.016  0.004          0.374       22476.00
300 cluster     False            0.021  0.001  0.020  0.022    0.002  0.000          0.000       21854.50
                True             0.011  0.001  0.010  0.012    0.006  0.001          0.465       41028.75
    high-degree False            0.017  0.000  0.017  0.017    0.001  0.000          0.000       21812.00
                True             0.012  0.001  0.011  0.013    0.005  0.000          0.465       40979.75
    random      False            0.019  0.001  0.018  0.020    0.002  0.001          0.000       21874.00
                True             0.012  0.001  0.011  0.013    0.008  0.002          0.468       41283.25
400 cluster     False            0.015  0.001  0.014  0.015    0.001  0.000          0.000       29032.50
                True             0.010  0.001  0.009  0.011    0.003  0.001          0.542       63514.00
    high-degree False            0.014  0.002  0.013  0.015    0.001  0.000          0.000       29123.00
                True             0.010  0.001  0.009  0.010    0.002  0.000          0.539       63168.00
    random      False            0.016  0.002  0.015  0.017    0.001  0.000          0.000       29167.00
                True             0.009  0.001  0.008  0.009    0.004  0.000          0.550       64745.75

Key Insights:
----------------------------------------
Best Privacy (Lowest Accuracy): 0.008
  Configuration: N=400, Placement=random, Cover=Yes

Worst Privacy (Highest Accuracy): 0.104
  Configuration: N=50, Placement=cluster, Cover=No

Average Privacy Improvement from Cover Traffic: 0.011
Average Cover Traffic Overhead: 34.0%
