Summary Statistics for Seed 20
================================================================================

                              accuracy                      graph_f1        dummy_fraction total_messages
                                  mean    std    min    max     mean    std           mean           mean
N   placement   cover_enabled                                                                            
50  cluster     False            0.085  0.014  0.066  0.097    0.242  0.060          0.000       2748.333
                True             0.078  0.010  0.061  0.092    0.300  0.077          0.168       3358.167
    high-degree False            0.086  0.012  0.068  0.098    0.289  0.070          0.000       2748.167
                True             0.078  0.010  0.066  0.104    0.337  0.084          0.168       3358.417
    random      False            0.087  0.011  0.076  0.105    0.272  0.069          0.000       2748.833
                True             0.076  0.011  0.059  0.091    0.306  0.086          0.146       3234.417
75  cluster     False            0.071  0.009  0.060  0.088    0.127  0.043          0.000       4565.333
                True             0.053  0.006  0.039  0.061    0.185  0.060          0.194       5665.250
    high-degree False            0.058  0.007  0.048  0.069    0.137  0.043          0.000       4551.667
                True             0.049  0.005  0.040  0.056    0.202  0.059          0.196       5658.000
    random      False            0.070  0.009  0.060  0.086    0.125  0.040          0.000       4567.833
                True             0.053  0.004  0.048  0.060    0.188  0.053          0.194       5654.333
100 cluster     False            0.051  0.004  0.044  0.056    0.059  0.023          0.000       6260.667
                True             0.037  0.005  0.029  0.044    0.118  0.038          0.275       8857.750
    high-degree False            0.050  0.004  0.044  0.056    0.060  0.020          0.000       6274.833
                True             0.033  0.004  0.028  0.040    0.120  0.030          0.245       8279.833
    random      False            0.048  0.008  0.036  0.059    0.056  0.018          0.000       6257.333
                True             0.037  0.004  0.028  0.041    0.107  0.035          0.248       8318.750
150 cluster     False            0.033  0.005  0.025  0.040    0.017  0.007          0.000      10188.167
                True             0.024  0.003  0.020  0.029    0.053  0.029          0.337      15502.667
    high-degree False            0.033  0.003  0.030  0.037    0.019  0.008          0.000      10190.833
                True             0.023  0.002  0.018  0.027    0.057  0.044          0.346      16197.333
    random      False            0.034  0.005  0.029  0.039    0.019  0.008          0.000      10192.000
                True             0.025  0.003  0.020  0.028    0.046  0.018          0.318      14905.250
200 cluster     False            0.031  0.005  0.023  0.037    0.008  0.003          0.000      14022.500
                True             0.018  0.001  0.015  0.020    0.024  0.009          0.373      22452.667
    high-degree False            0.027  0.004  0.023  0.033    0.009  0.004          0.000      13949.167
                True             0.017  0.002  0.016  0.021    0.024  0.008          0.373      22420.167
    random      False            0.028  0.002  0.026  0.032    0.008  0.003          0.000      14017.167
                True             0.019  0.002  0.016  0.021    0.026  0.009          0.373      22377.583
300 cluster     False            0.020  0.003  0.018  0.025    0.003  0.001          0.000      21618.833
                True             0.012  0.001  0.010  0.013    0.010  0.004          0.468      40898.917
    high-degree False            0.020  0.003  0.015  0.023    0.002  0.001          0.000      21569.500
                True             0.011  0.001  0.010  0.013    0.009  0.003          0.470      41147.417
    random      False            0.019  0.001  0.017  0.022    0.002  0.001          0.000      21588.000
                True             0.011  0.001  0.009  0.013    0.011  0.003          0.469      40912.167
400 cluster     False            0.017  0.002  0.016  0.020    0.001  0.001          0.000      29513.667
                True             0.009  0.001  0.009  0.011    0.005  0.002          0.540      64221.083
    high-degree False            0.017  0.002  0.014  0.019    0.001  0.001          0.000      29411.667
                True             0.010  0.001  0.009  0.011    0.004  0.002          0.539      63937.500
    random      False            0.017  0.002  0.013  0.019    0.001  0.001          0.000      29515.833
                True             0.009  0.001  0.008  0.011    0.006  0.003          0.539      63915.667

Key Insights:
----------------------------------------
Best Privacy (Lowest Accuracy): 0.008
  Configuration: N=400, Placement=random, Cover=Yes

Worst Privacy (Highest Accuracy): 0.105
  Configuration: N=50, Placement=random, Cover=No

Average Privacy Improvement from Cover Traffic: 0.010
Average Cover Traffic Overhead: 33.2%
