Summary Statistics for Seed 21
================================================================================

                              accuracy                      graph_f1        dummy_fraction total_messages
                                  mean    std    min    max     mean    std           mean           mean
N   placement   cover_enabled                                                                            
50  cluster     False            0.098  0.012  0.078  0.115    0.263  0.085          0.000       2700.333
                True             0.083  0.011  0.063  0.100    0.330  0.099          0.149       3179.833
    high-degree False            0.096  0.011  0.081  0.111    0.319  0.095          0.000       2687.833
                True             0.081  0.008  0.065  0.092    0.364  0.087          0.148       3176.417
    random      False            0.094  0.024  0.061  0.113    0.291  0.094          0.000       2691.000
                True             0.086  0.012  0.063  0.102    0.328  0.100          0.150       3189.000
75  cluster     False            0.069  0.010  0.059  0.082    0.133  0.040          0.000       4546.500
                True             0.052  0.007  0.042  0.065    0.192  0.057          0.197       5676.083
    high-degree False            0.060  0.007  0.051  0.069    0.140  0.054          0.000       4535.500
                True             0.049  0.007  0.036  0.059    0.209  0.064          0.198       5706.167
    random      False            0.066  0.019  0.042  0.090    0.131  0.040          0.000       4550.167
                True             0.050  0.007  0.042  0.063    0.196  0.054          0.198       5685.167
100 cluster     False            0.052  0.005  0.044  0.058    0.054  0.019          0.000       6243.333
                True             0.037  0.006  0.025  0.043    0.112  0.041          0.240       8238.083
    high-degree False            0.054  0.005  0.045  0.060    0.065  0.018          0.000       6257.167
                True             0.034  0.004  0.028  0.040    0.126  0.035          0.244       8269.500
    random      False            0.053  0.008  0.042  0.064    0.060  0.024          0.000       6281.667
                True             0.038  0.004  0.028  0.043    0.106  0.033          0.241       8257.833
150 cluster     False            0.039  0.004  0.032  0.044    0.018  0.008          0.000      10258.167
                True             0.024  0.002  0.020  0.028    0.050  0.017          0.312      14951.250
    high-degree False            0.034  0.004  0.029  0.039    0.018  0.008          0.000      10278.000
                True             0.024  0.003  0.020  0.028    0.050  0.019          0.314      14963.750
    random      False            0.037  0.003  0.032  0.042    0.019  0.006          0.000      10253.167
                True             0.024  0.003  0.018  0.027    0.047  0.018          0.314      14960.417
200 cluster     False            0.027  0.005  0.020  0.032    0.007  0.004          0.000      13948.333
                True             0.019  0.002  0.015  0.022    0.024  0.008          0.377      22194.167
    high-degree False            0.029  0.008  0.020  0.038    0.008  0.003          0.000      13877.333
                True             0.018  0.001  0.016  0.020    0.029  0.020          0.395      23170.667
    random      False            0.029  0.004  0.023  0.033    0.006  0.003          0.000      13910.667
                True             0.018  0.002  0.014  0.022    0.026  0.010          0.380      22322.500
300 cluster     False            0.020  0.003  0.016  0.024    0.002  0.001          0.000      21781.167
                True             0.011  0.001  0.010  0.013    0.016  0.015          0.509      45720.000
    high-degree False            0.018  0.003  0.014  0.023    0.002  0.001          0.000      21793.000
                True             0.012  0.001  0.011  0.013    0.009  0.004          0.469      41046.167
    random      False            0.018  0.004  0.011  0.024    0.002  0.001          0.000      21775.000
                True             0.012  0.001  0.010  0.014    0.010  0.004          0.470      41122.417
400 cluster     False            0.016  0.002  0.013  0.019    0.001  0.001          0.000      29439.833
                True             0.009  0.000  0.009  0.010    0.005  0.002          0.542      64173.583
    high-degree False            0.017  0.002  0.014  0.020    0.001  0.001          0.000      29326.833
                True             0.010  0.001  0.009  0.011    0.004  0.002          0.540      63993.000
    random      False            0.017  0.002  0.015  0.019    0.001  0.000          0.000      29318.333
                True             0.009  0.001  0.008  0.010    0.006  0.002          0.541      64040.000

Key Insights:
----------------------------------------
Best Privacy (Lowest Accuracy): 0.008
  Configuration: N=400, Placement=random, Cover=Yes

Worst Privacy (Highest Accuracy): 0.115
  Configuration: N=50, Placement=cluster, Cover=No

Average Privacy Improvement from Cover Traffic: 0.012
Average Cover Traffic Overhead: 33.0%
