Summary Statistics for Seed 28
================================================================================

                              accuracy                      graph_f1        dummy_fraction total_messages
                                  mean    std    min    max     mean    std           mean           mean
N   placement   cover_enabled                                                                            
50  cluster     False            0.092  0.012  0.078  0.109    0.247  0.071          0.000       2657.167
                True             0.084  0.014  0.064  0.112    0.309  0.088          0.149       3110.083
    high-degree False            0.090  0.009  0.076  0.101    0.298  0.088          0.000       2644.333
                True             0.084  0.008  0.065  0.094    0.346  0.086          0.148       3113.167
    random      False            0.083  0.023  0.049  0.111    0.276  0.088          0.000       2661.333
                True             0.084  0.014  0.065  0.117    0.313  0.088          0.166       3190.250
75  cluster     False            0.066  0.007  0.057  0.077    0.120  0.039          0.000       4450.500
                True             0.052  0.005  0.044  0.057    0.185  0.061          0.203       5530.167
    high-degree False            0.060  0.011  0.049  0.080    0.135  0.042          0.000       4460.333
                True             0.047  0.005  0.038  0.054    0.205  0.060          0.201       5541.333
    random      False            0.063  0.005  0.057  0.069    0.126  0.041          0.000       4454.500
                True             0.050  0.006  0.042  0.063    0.189  0.056          0.203       5555.083
100 cluster     False            0.054  0.007  0.045  0.065    0.058  0.016          0.000       6287.833
                True             0.037  0.005  0.030  0.046    0.113  0.054          0.270       8808.833
    high-degree False            0.047  0.004  0.041  0.051    0.066  0.018          0.000       6297.333
                True             0.035  0.004  0.029  0.042    0.126  0.037          0.244       8303.333
    random      False            0.049  0.009  0.039  0.058    0.064  0.020          0.000       6287.167
                True             0.040  0.003  0.034  0.046    0.109  0.036          0.245       8316.750
150 cluster     False            0.037  0.007  0.029  0.045    0.017  0.008          0.000      10209.667
                True             0.024  0.002  0.021  0.028    0.044  0.015          0.311      14820.583
    high-degree False            0.030  0.004  0.024  0.036    0.020  0.009          0.000      10183.167
                True             0.024  0.002  0.020  0.028    0.051  0.020          0.311      14815.917
    random      False            0.034  0.003  0.027  0.036    0.017  0.006          0.000      10198.000
                True             0.023  0.004  0.017  0.030    0.054  0.023          0.322      15081.083
200 cluster     False            0.029  0.004  0.023  0.033    0.008  0.003          0.000      14106.333
                True             0.017  0.001  0.015  0.019    0.025  0.009          0.374      22570.750
    high-degree False            0.030  0.002  0.027  0.032    0.008  0.003          0.000      14141.000
                True             0.018  0.002  0.015  0.021    0.025  0.009          0.372      22532.083
    random      False            0.031  0.004  0.025  0.036    0.008  0.003          0.000      14097.333
                True             0.017  0.002  0.015  0.019    0.027  0.010          0.376      22693.833
300 cluster     False            0.021  0.003  0.018  0.025    0.003  0.001          0.000      22165.833
                True             0.012  0.001  0.011  0.013    0.010  0.004          0.470      41672.583
    high-degree False            0.021  0.003  0.017  0.025    0.002  0.001          0.000      22214.167
                True             0.011  0.001  0.010  0.013    0.009  0.003          0.467      41494.167
    random      False            0.019  0.002  0.017  0.021    0.002  0.001          0.000      22123.500
                True             0.011  0.001  0.010  0.013    0.011  0.004          0.465      41340.750
400 cluster     False            0.016  0.003  0.014  0.021    0.001  0.001          0.000      29408.500
                True             0.009  0.001  0.008  0.011    0.010  0.015          0.564      73347.167
    high-degree False            0.017  0.001  0.015  0.019    0.001  0.000          0.000      29474.500
                True             0.010  0.001  0.009  0.011    0.004  0.002          0.541      64137.250
    random      False            0.017  0.002  0.015  0.020    0.001  0.000          0.000      29489.500
                True             0.010  0.001  0.008  0.011    0.006  0.002          0.539      63760.417

Key Insights:
----------------------------------------
Best Privacy (Lowest Accuracy): 0.008
  Configuration: N=400, Placement=cluster, Cover=Yes

Worst Privacy (Highest Accuracy): 0.117
  Configuration: N=50, Placement=random, Cover=Yes

Average Privacy Improvement from Cover Traffic: 0.010
Average Cover Traffic Overhead: 33.1%
