Summary Statistics for Seed 9
================================================================================

                              accuracy                      graph_f1        dummy_fraction total_messages
                                  mean    std    min    max     mean    std           mean           mean
N   placement   cover_enabled                                                                            
50  cluster     False            0.083  0.010  0.073  0.102    0.265  0.081          0.000       2781.667
                True             0.086  0.013  0.063  0.106    0.318  0.087          0.151       3252.083
    high-degree False            0.094  0.020  0.071  0.119    0.326  0.084          0.000       2774.667
                True             0.081  0.013  0.055  0.097    0.354  0.077          0.150       3250.083
    random      False            0.100  0.009  0.091  0.113    0.276  0.080          0.000       2774.500
                True             0.084  0.016  0.051  0.102    0.327  0.076          0.170       3382.250
75  cluster     False            0.067  0.009  0.054  0.080    0.119  0.044          0.000       4445.667
                True             0.052  0.009  0.036  0.067    0.186  0.058          0.208       5600.250
    high-degree False            0.065  0.009  0.057  0.081    0.138  0.052          0.000       4441.500
                True             0.052  0.008  0.038  0.067    0.200  0.066          0.203       5573.083
    random      False            0.064  0.008  0.056  0.076    0.128  0.041          0.000       4453.500
                True             0.049  0.007  0.036  0.059    0.182  0.056          0.201       5552.250
100 cluster     False            0.047  0.006  0.039  0.054    0.058  0.021          0.000       6202.500
                True             0.037  0.004  0.031  0.044    0.104  0.033          0.246       8274.000
    high-degree False            0.046  0.006  0.038  0.054    0.056  0.020          0.000       6202.000
                True             0.032  0.004  0.028  0.043    0.115  0.035          0.242       8265.583
    random      False            0.051  0.007  0.044  0.063    0.059  0.021          0.000       6225.167
                True             0.037  0.005  0.027  0.047    0.117  0.052          0.278       8906.417
150 cluster     False            0.036  0.004  0.032  0.041    0.017  0.007          0.000      10123.667
                True             0.025  0.004  0.018  0.032    0.056  0.041          0.348      16235.917
    high-degree False            0.035  0.005  0.029  0.041    0.019  0.007          0.000      10153.000
                True             0.023  0.002  0.020  0.026    0.050  0.018          0.315      14835.917
    random      False            0.038  0.004  0.032  0.044    0.017  0.007          0.000      10135.833
                True             0.024  0.004  0.019  0.031    0.047  0.016          0.321      14961.167
200 cluster     False            0.027  0.001  0.025  0.029    0.008  0.003          0.000      13934.833
                True             0.018  0.002  0.016  0.021    0.024  0.009          0.382      22462.833
    high-degree False            0.026  0.002  0.023  0.030    0.008  0.004          0.000      13914.000
                True             0.017  0.002  0.014  0.020    0.023  0.008          0.380      22441.833
    random      False            0.029  0.004  0.022  0.034    0.007  0.004          0.000      13863.833
                True             0.016  0.002  0.013  0.020    0.025  0.011          0.384      22534.750
300 cluster     False            0.019  0.002  0.017  0.022    0.002  0.001          0.000      22101.333
                True             0.012  0.001  0.010  0.013    0.009  0.003          0.468      41367.250
    high-degree False            0.019  0.002  0.018  0.022    0.002  0.001          0.000      22089.000
                True             0.012  0.001  0.010  0.014    0.009  0.004          0.466      41223.500
    random      False            0.021  0.004  0.016  0.027    0.002  0.001          0.000      22060.500
                True             0.012  0.001  0.011  0.015    0.010  0.003          0.466      41237.333
400 cluster     False            0.017  0.002  0.014  0.019    0.001  0.000          0.000      29902.333
                True             0.009  0.001  0.009  0.011    0.005  0.002          0.536      64313.750
    high-degree False            0.016  0.001  0.014  0.018    0.001  0.001          0.000      29959.500
                True             0.010  0.000  0.009  0.010    0.004  0.001          0.538      64650.000
    random      False            0.017  0.003  0.012  0.020    0.001  0.001          0.000      29916.667
                True             0.009  0.001  0.008  0.012    0.005  0.002          0.535      64462.417

Key Insights:
----------------------------------------
Best Privacy (Lowest Accuracy): 0.008
  Configuration: N=400, Placement=random, Cover=Yes

Worst Privacy (Highest Accuracy): 0.119
  Configuration: N=50, Placement=high-degree, Cover=No

Average Privacy Improvement from Cover Traffic: 0.010
Average Cover Traffic Overhead: 33.3%
