Summary Statistics for Seed 7
================================================================================

                              accuracy                      graph_f1        dummy_fraction total_messages
                                  mean    std    min    max     mean    std           mean           mean
N   placement   cover_enabled                                                                            
50  cluster     False            0.094  0.016  0.083  0.105    0.187  0.002          0.000        2703.50
                True             0.080  0.006  0.077  0.089    0.244  0.016          0.151        3212.00
    high-degree False            0.081  0.004  0.078  0.084    0.240  0.005          0.000        2717.00
                True             0.076  0.009  0.064  0.084    0.284  0.006          0.148        3197.00
    random      False            0.090  0.020  0.076  0.104    0.208  0.011          0.000        2704.00
                True             0.076  0.013  0.064  0.094    0.238  0.028          0.149        3206.25
75  cluster     False            0.070  0.004  0.067  0.073    0.094  0.002          0.000        4375.00
                True             0.051  0.003  0.048  0.055    0.130  0.009          0.200        5464.25
    high-degree False            0.057  0.013  0.048  0.067    0.082  0.008          0.000        4385.00
                True             0.046  0.007  0.039  0.053    0.131  0.007          0.206        5486.25
    random      False            0.054  0.008  0.048  0.060    0.089  0.009          0.000        4404.00
                True             0.052  0.012  0.042  0.068    0.131  0.012          0.195        5448.75
100 cluster     False            0.045  0.009  0.039  0.051    0.038  0.000          0.000        6261.50
                True             0.036  0.002  0.034  0.038    0.072  0.009          0.237        8262.50
    high-degree False            0.050  0.014  0.040  0.060    0.048  0.000          0.000        6317.50
                True             0.034  0.002  0.032  0.036    0.096  0.009          0.238        8284.75
    random      False            0.042  0.007  0.037  0.047    0.033  0.010          0.000        6279.00
                True             0.033  0.004  0.028  0.037    0.077  0.003          0.237        8288.25
150 cluster     False            0.033  0.000  0.033  0.033    0.010  0.002          0.000       10361.50
                True             0.023  0.002  0.021  0.025    0.035  0.004          0.309       15049.25
    high-degree False            0.032  0.007  0.027  0.037    0.014  0.002          0.000       10340.50
                True             0.024  0.001  0.023  0.025    0.036  0.004          0.315       15109.75
    random      False            0.032  0.006  0.027  0.036    0.013  0.002          0.000       10366.00
                True             0.024  0.001  0.022  0.025    0.032  0.002          0.312       15091.50
200 cluster     False            0.027  0.002  0.025  0.028    0.006  0.003          0.000       14003.50
                True             0.017  0.003  0.015  0.020    0.029  0.025          0.463       29503.50
    high-degree False            0.026  0.003  0.024  0.028    0.006  0.003          0.000       14144.00
                True             0.017  0.002  0.015  0.019    0.016  0.002          0.375       22462.75
    random      False            0.028  0.001  0.027  0.028    0.004  0.002          0.000       14108.50
                True             0.018  0.001  0.016  0.020    0.017  0.002          0.378       22468.75
300 cluster     False            0.015  0.001  0.015  0.016    0.001  0.001          0.000       21857.00
                True             0.011  0.001  0.010  0.013    0.016  0.018          0.548       57055.00
    high-degree False            0.018  0.001  0.017  0.019    0.002  0.001          0.000       21933.00
                True             0.012  0.000  0.012  0.013    0.015  0.020          0.551       56814.25
    random      False            0.018  0.002  0.017  0.020    0.002  0.000          0.000       21939.50
                True             0.013  0.001  0.012  0.014    0.007  0.001          0.472       41245.25
400 cluster     False            0.015  0.001  0.014  0.016    0.001  0.000          0.000       29383.50
                True             0.010  0.000  0.009  0.010    0.004  0.000          0.554       66020.25
    high-degree False            0.016  0.000  0.016  0.016    0.001  0.000          0.000       29466.00
                True             0.010  0.001  0.009  0.011    0.003  0.001          0.547       64592.75
    random      False            0.015  0.001  0.014  0.015    0.001  0.000          0.000       29459.00
                True             0.009  0.001  0.008  0.010    0.004  0.001          0.546       64748.00

Key Insights:
----------------------------------------
Best Privacy (Lowest Accuracy): 0.008
  Configuration: N=400, Placement=random, Cover=Yes

Worst Privacy (Highest Accuracy): 0.105
  Configuration: N=50, Placement=cluster, Cover=No

Average Privacy Improvement from Cover Traffic: 0.009
Average Cover Traffic Overhead: 34.0%
